Temperatura początkowa:    100.0, cooling_rate: 0.800 => Dystans: 13357093
Temperatura początkowa:   1000.0, cooling_rate: 0.800 => Dystans: 12993569
Temperatura początkowa:  10000.0, cooling_rate: 0.800 => Dystans: 12748129
Temperatura początkowa: 100000.0, cooling_rate: 0.800 => Dystans: 12752955
Temperatura początkowa:    100.0, cooling_rate: 0.845 => Dystans: 13067975
Temperatura początkowa:   1000.0, cooling_rate: 0.845 => Dystans: 12576241
Temperatura początkowa:  10000.0, cooling_rate: 0.845 => Dystans: 12326843
Temperatura początkowa: 100000.0, cooling_rate: 0.845 => Dystans: 12318561
Temperatura początkowa:    100.0, cooling_rate: 0.890 => Dystans: 12686353
Temperatura początkowa:   1000.0, cooling_rate: 0.890 => Dystans: 12018132
Temperatura początkowa:  10000.0, cooling_rate: 0.890 => Dystans: 11677067
Temperatura początkowa: 100000.0, cooling_rate: 0.890 => Dystans: 11556898
Temperatura początkowa:    100.0, cooling_rate: 0.935 => Dystans: 11604213
Temperatura początkowa:   1000.0, cooling_rate: 0.935 => Dystans: 10741316
Temperatura początkowa:  10000.0, cooling_rate: 0.935 => Dystans: 10315544
Temperatura początkowa: 100000.0, cooling_rate: 0.935 => Dystans: 10246345
Temperatura początkowa:    100.0, cooling_rate: 0.980 => Dystans: 8414255
Temperatura początkowa:   1000.0, cooling_rate: 0.980 => Dystans: 7343838
Temperatura początkowa:  10000.0, cooling_rate: 0.980 => Dystans: 6863995
Temperatura początkowa: 100000.0, cooling_rate: 0.980 => Dystans: 6876597
Best route: [3792, 4721, 5392, 6112, 6613, 6962, 6629, 5831, 5894, 3978, 3921, 2808, 2622, 1958, 748, 820, 3868, 3974, 2835, 1521, 1974, 619, 88, 142, 394, 1944, 2787, 3169, 2661, 3639, 4153, 3472, 4861, 2269, 2716, 1028, 450, 923, 259, 429, 326, 329, 4750, 4899, 5637, 2584, 2583, 932, 1022, 501, 2734, 2009, 1478, 2721, 1537, 1511, 5031, 6459, 6489, 6820, 6394, 6397, 6200, 4387, 2895, 5117, 3194, 3262, 5663, 6664, 5513, 5850, 5704, 5052, 6653, 2383, 2372, 2801, 3165, 6183, 5622, 5405, 5778, 3433, 3649, 2797, 369, 1719, 3603, 3918, 2125, 4307, 5088, 3217, 4165, 3494, 5735, 6667, 6626, 6598, 6624, 764, 143, 876, 1068, 1757, 1265, 3776, 2000, 2393, 1950, 2362, 2306, 2567, 393, 314, 2021, 2312, 5369, 7092, 7036, 5141, 5172, 3791, 6410, 5991, 5516, 5418, 6382, 6181, 6814, 3400, 408, 1301, 1036, 7145, 5715, 5247, 5225, 4706, 3867, 5570, 4160, 6400, 3946, 6270, 6086, 3993, 2802, 3399, 4300, 3851, 4023, 3683, 2863, 553, 1941, 2392, 2163, 841, 2209, 3884, 2944, 2539, 1829, 2322, 2100, 1973, 2059, 965, 1012, 1252, 4727, 4094, 3228, 2109, 2588, 6554, 6738, 4938, 4806, 6228, 4870, 4917, 6662, 5049, 2518, 3058, 2093, 1846, 1171, 1167, 1639, 1218, 1405, 4048, 6066, 6311, 6396, 6143, 4993, 4087, 3397, 4879, 4966, 4779, 4415, 2948, 598, 599, 316, 1016, 2138, 2031, 2773, 3477, 5194, 4664, 2370, 2013, 4325, 5327, 4371, 4839, 2930, 3131, 4006, 166, 75, 130, 151, 816, 7067, 2157, 5094, 3656, 2665, 3178, 2267, 2192, 2602, 3954, 6377, 1241, 460, 428, 1523, 1931, 2523, 5666, 6068, 4254, 1004, 3559, 3735, 5035, 3846, 3428, 2758, 3278, 2921, 5294, 3950, 6056, 4675, 5343, 4459, 4442, 5374, 5199, 3811, 3234, 3574, 2853, 5412, 3231, 1485, 1165, 1039, 881, 1319, 710, 3255, 3723, 3189, 4026, 5548, 3726, 4702, 3936, 4655, 3878, 4183, 2344, 1622, 1493, 1771, 1888, 6588, 4263, 2694, 415, 4874, 3216, 6374, 5321, 1893, 629, 999, 3495, 4240, 3623, 3784, 3147, 3544, 2451, 1843, 811, 242, 109, 188, 454, 463, 1673, 946, 1021, 1123, 1127, 929, 651, 43, 310, 2108, 2753, 2435, 742, 801, 927, 186, 650, 1178, 1745, 2993, 5896, 6352, 6657, 5976, 4621, 6538, 5797, 4624, 4510, 6137, 5549, 5477, 3448, 4725, 4396, 308, 789, 230, 4947, 4716, 5175, 4827, 4084, 2552, 3229, 4446, 2258, 2129, 2169, 730, 263, 1106, 1080, 1200, 831, 1823, 1934, 3418, 1748, 1249, 973, 2475, 3935, 3064, 2131, 2633, 3785, 6914, 6835, 7077, 5227, 4545, 2516, 1776, 1576, 311, 1050, 581, 1822, 2112, 3760, 3422, 3319, 3391, 6854, 6762, 6521, 6868, 6802, 6771, 6981, 6561, 7125, 3226, 5297, 1596, 1105, 1087, 1085, 1037, 1953, 1519, 579, 2046, 2249, 3669, 2969, 6147, 6696, 6077, 6680, 6364, 6514, 3019, 3297, 1987, 2784, 2756, 3200, 6085, 6708, 6851, 5702, 5380, 5397, 4302, 6062, 4051, 5540, 4815, 2990, 1735, 1160, 203, 95, 73, 456, 328, 1591, 1602, 1350, 1137, 144, 1339, 746, 1415, 895, 1942, 2493, 2032, 34, 2299, 1340, 1751, 1632, 5840, 5346, 4484, 5726, 4229, 4431, 4591, 5699, 7138, 7068, 6512, 3166, 1777, 1409, 860, 1824, 48, 448, 136, 848, 2202, 5111, 4586, 5081, 2714, 3211, 2094, 3659, 2308, 1915, 2066, 1836, 2438, 5433, 4946, 6946, 5132, 3184, 4289, 1917, 1024, 715, 373, 1943, 3072, 6129, 3201, 1398, 2237, 2880, 3350, 2235, 1792, 1677, 3010, 4188, 315, 205, 570, 638, 2585, 2800, 1098, 875, 1013, 922, 1685, 714, 1744, 3573, 6140, 5824, 3575, 5192, 6385, 6984, 7084, 6873, 4954, 3583, 4854, 5246, 4185, 4564, 6518, 5125, 7132, 6942, 6565, 6479, 6675, 5873, 6192, 5333, 4476, 6836, 5436, 6726, 4403, 4243, 2887, 4389, 5739, 6321, 3927, 4751, 6550, 5389, 6194, 4805, 6516, 6319, 6845, 6134, 5520, 6340, 5994, 5577, 5971, 3913, 3732, 4536, 1365, 353, 1999, 5024, 6443, 6203, 6690, 5500, 3741, 6799, 6815, 6125, 2350, 2152, 2189, 3631, 2111, 5362, 1529, 906, 643, 616, 57, 740, 45, 2819, 3202, 4833, 4212, 2245, 1802, 1047, 1865, 1972, 4409, 4769, 5098, 6399, 4187, 5512, 6885, 4119, 3003, 2867, 4891, 6532, 6832, 2722, 3570, 6154, 4965, 3387, 1911, 1986, 1472, 1219, 179, 2706, 1834, 1359, 1430, 1780, 1547, 1675, 492, 284, 751, 1460, 1624, 345, 194, 118, 637, 268, 358, 473, 1135, 2056, 3580, 4379, 4709, 4713, 6953, 7048, 6980, 4911, 5615, 4808, 3827, 6320, 4539, 4648, 7046, 4033, 2369, 2792, 2731, 5941, 52, 297, 523, 1284, 1195, 1613, 4851, 6917, 6290, 4162, 4752, 4679, 1014, 1176, 1704, 4497, 3490, 2487, 1180, 1308, 749, 867, 1501, 851, 5136, 5006, 2145, 2881, 2089, 3804, 5926, 4975, 4739, 4802, 2279, 2224, 3487, 3440, 2155, 2229, 3045, 2335, 2525, 2826, 1587, 1295, 1234, 874, 972, 1714, 2517, 4331, 6817, 6644, 3525, 4507, 1528, 355, 594, 185, 832, 935, 1510, 2378, 3625, 5383, 4108, 6237, 6909, 5826, 6870, 6153, 4673, 4556, 3746, 6233, 4743, 3466, 5986, 6637, 5621, 6162, 4690, 4117, 3907, 4037, 2897, 2645, 5069, 6271, 3672, 2181, 1957, 2027, 2160, 3082, 5903, 6339, 6116, 5721, 5377, 5587, 6875, 6182, 3856, 610, 1055, 4013, 4934, 2211, 2795, 2266, 6426, 6273, 6430, 2812, 6747, 6392, 6402, 6218, 6992, 5660, 92, 1988, 949, 86, 1246, 183, 61, 141, 785, 491, 79, 5967, 1937, 2848, 709, 2233, 2428, 2319, 1270, 919, 911, 2840, 4582, 6903, 5783, 3104, 3787, 3648, 6679, 5015, 5280, 6493, 4872, 5020, 5083, 5212, 5455, 5710, 2041, 3249, 5650, 7139, 5589, 4221, 2208, 2043, 2242, 2403, 2011, 1702, 1712, 1371, 2447, 3312, 5288, 2718, 3968, 3630, 4359, 4419, 3515, 2664, 199, 227, 12, 1316, 1577, 1551, 1110, 592, 2701, 2374, 2695, 3940, 4039, 5788, 6333, 4367, 3610, 5829, 3539, 2882, 5476, 6375, 3114, 3904, 3941, 3311, 2898, 3470, 3930, 805, 2037, 269, 49, 756, 1321, 3535, 3564, 208, 558, 148, 98, 942, 940, 461, 2929, 2680, 4139, 5101, 6128, 6937, 6582, 7113, 5413, 5484, 2504, 4489, 7044, 5574, 6408, 2560, 5499, 5575, 5747, 2977, 7029, 5410, 3577, 3298, 2891, 3376, 5072, 4594, 6260, 490, 1269, 1346, 219, 479, 572, 1426, 677, 1261, 1186, 1580, 2277, 2368, 5900, 5793, 1852, 2028, 2575, 2720, 3772, 5895, 6109, 3151, 5174, 4525, 5263, 2885, 4504, 5184, 5160, 2709, 5198, 4638, 1998, 852, 907, 2303, 5761, 4444, 6023, 6790, 5808, 5598, 6452, 6142, 5848, 2557, 2912, 3111, 2822, 2144, 587, 264, 743, 2957, 4136, 6157, 2572, 782, 533, 729, 653, 1668, 1611, 3338, 3807, 3690, 6649, 4016, 4390, 1594, 1560, 2024, 2316, 1996, 2215, 1091, 994, 992, 443, 14, 1205, 3252, 3442, 3980, 4465, 3708, 2796, 2949, 3188, 3650, 6241, 1962, 1388, 1292, 1043, 300, 486, 325, 22, 1129, 361, 304, 83, 256, 3006, 667, 15, 46, 58, 145, 585, 560, 215, 313, 338, 2754, 2681, 2360, 4130, 6989, 7060, 6890, 6615, 5617, 1527, 270, 204, 904, 17, 31, 633, 605, 5036, 3675, 6744, 5038, 4547, 6367, 5109, 3047, 3304, 1691, 243, 1605, 618, 437, 692, 196, 817, 1909, 2126, 2307, 642, 624, 3955, 3729, 4445, 4196, 4017, 6507, 5273, 6257, 6081, 6780, 4708, 1840, 4469, 4572, 5283, 6100, 6051, 6291, 6204, 5718, 2561, 2161, 1690, 1872, 1827, 1155, 509, 769, 1138, 3668, 4268, 6444, 5673, 3154, 4144, 3900, 4584, 3754, 4238, 4005, 4509, 5869, 5899, 6293, 2834, 4817, 3604, 1410, 520, 699, 10, 4, 4440, 1314, 3248, 5102, 1424, 1174, 85, 318, 2536, 2933, 3602, 5906, 6306, 3748, 3101, 2992, 3670, 5011, 3615, 3995, 6065, 7041, 6201, 6403, 3657, 5743, 4293, 2085, 1908, 2039, 3048, 5092, 6736, 5131, 5271, 4960, 6454, 5785, 6398, 5463, 3038, 1734, 1906, 899, 1100, 1045, 1102, 577, 289, 889, 1830, 2580, 2777, 2486, 2416, 2537, 288, 3396, 3152, 3090, 4003, 2550, 30, 1125, 3704, 3134, 3461, 6027, 6931, 5878, 3120, 3424, 3056, 2388, 3012, 2623, 2738, 3220, 2827, 3979, 3366, 3342, 5913, 6709, 6227, 5551, 4829, 4715, 5299, 4550, 6768, 5582, 4926, 5193, 4291, 1588, 5686, 6611, 6495, 6239, 5274, 3740, 6618, 6365, 6997, 4849, 4106, 3633, 6266, 6604, 6528, 3731, 3566, 4330, 6177, 6612, 5416, 4557, 3479, 5750, 5316, 7058, 6713, 6912, 6911, 4909, 6167, 5786, 7102, 5319, 5064, 2292, 1664, 1634, 2532, 2465, 236, 193, 350, 324, 868, 260, 601, 882, 1071, 1243, 784, 886, 540, 718, 562, 1193, 1255, 1348, 810, 165, 287, 365, 3259, 3584, 5140, 704, 498, 114, 1148, 1578, 1333, 1555, 1698, 1286, 1813, 2120, 2128, 1954, 1061, 4668, 5532, 4744, 2466, 2855, 3410, 5989, 5180, 1642, 1995, 232, 129, 1107, 381, 184, 528, 436, 396, 453, 149, 1740, 2104, 3008, 1975, 1929, 5244, 6058, 6862, 3703, 6130, 3112, 5068, 6388, 6361, 4995, 5471, 6422, 3025, 2347, 3481, 3282, 217, 578, 3005, 4089, 4020, 3256, 4671, 4236, 1718, 593, 211, 631, 1406, 3465, 4667, 4422, 5823, 4021, 6354, 5565, 5770, 6031, 4065, 5259, 6529, 4596, 3068, 3281, 2494, 4393, 5552, 4195, 2500, 981, 319, 279, 197, 500, 645, 722, 472, 1733, 382, 5379, 4883, 4487, 4970, 4604, 2925, 5656, 4226, 3895, 1221, 376, 1057, 903, 787, 834, 808, 687, 771, 1659, 412, 612, 1565, 2870, 5509, 5590, 6215, 5370, 4863, 5434, 5451, 6858, 7105, 6389, 6659, 5628, 6480, 6467, 6295, 6235, 5733, 6491, 3855, 4565, 4902, 4451, 4450, 2442, 2688, 6853, 6775, 6838, 4129, 4474, 1666, 3283, 3705, 6846, 5662, 6719, 864, 836, 8, 7101, 6198, 6947, 6225, 4757, 5932, 5959, 3132, 6951, 5236, 3626, 2483, 2026, 3767, 3427, 5220, 3016, 1233, 4253, 5773, 5320, 4143, 4799, 1492, 5277, 4432, 3687, 3411, 4587, 3581, 2004, 1927, 3095, 3331, 4022, 2872, 4267, 3765, 6251, 6230, 5888, 5218, 6801, 6717, 2928, 7075, 4627, 1305, 3380, 5226, 6119, 4078, 891, 4173, 3666, 1342, 2167, 1382, 689, 1020, 1198, 2117, 2029, 274, 1334, 1051, 671, 3044, 5176, 5262, 6834, 4618, 5819, 5806, 4292, 1645, 2082, 1920, 2407, 1257, 1029, 1905, 2196, 2356, 6447, 6286, 4573, 1924, 2309, 4838, 3204, 5626, 1413, 1692, 2238, 2166, 1990, 2054, 2809, 2132, 2293, 1288, 1, 1113, 2380, 1730, 2178, 2062, 966, 3637, 6253, 6876, 6541, 1892, 1063, 774, 390, 1042, 880, 1465, 1363, 1096, 1073, 986, 1076, 1242, 1210, 398, 590, 401, 1641, 1539, 505, 627, 1275, 1575, 1762, 1913, 1868, 1112, 690, 664, 1976, 2763, 409, 2774, 2687, 3205, 4788, 3295, 281, 515, 754, 1111, 865, 68, 517, 793, 1425, 2677, 3565, 6549, 3530, 2228, 1581, 2042, 282, 759, 169, 132, 995, 1401, 1392, 1923, 575, 1482, 1122, 1507, 1053, 146, 6950, 5898, 1152, 1161, 971, 1211, 1512, 1475, 1731, 3035, 4193, 6571, 6756, 6961, 6673, 5759, 3030, 3272, 2040, 1940, 2262, 2314, 6180, 6150, 4980, 5602, 5517, 5129, 6539, 6121, 2284, 228, 497, 171, 285, 1133, 3021, 6093, 6007, 4210, 5890, 6355, 7127, 6692, 5985, 6047, 5996, 6929, 4201, 3662, 6332, 4669, 7079, 2748, 3966, 6453, 6568, 3268, 3800, 5736, 5027, 4337, 3653, 4206, 5457, 5822, 5144, 3519, 5672, 6327, 6566, 1863, 2684, 2836, 4030, 3645, 3879, 5328, 3695, 5655, 5705, 6701, 2869, 6797, 2065, 5978, 6478, 6703, 6075, 7130, 5864, 5847, 2849, 3160, 915, 4404, 4050, 4571, 4208, 3467, 2963, 4470, 6517, 5387, 5287, 4062, 3349, 4219, 4228, 3293, 1498, 2599, 3818, 3588, 155, 140, 82, 214, 72, 406, 201, 869, 983, 38, 327, 93, 32, 2, 588, 1379, 1000, 967, 1240, 1285, 4138, 2642, 3688, 2556, 3891, 2686, 2672, 2193, 2336, 2444, 5924, 4520, 4116, 4092, 3809, 1871, 6294, 5332, 5284, 4064, 3983, 3973, 3839, 4155, 6433, 2610, 4529, 6805, 3193, 4264, 2919, 3355, 4305, 3984, 4142, 3527, 3286, 5279, 6015, 5947, 4088, 2608, 372, 1306, 1549, 295, 514, 101, 320, 1023, 1489, 858, 548, 1459, 1454, 1259, 1517, 5366, 5467, 3135, 6406, 3845, 5252, 3882, 4643, 6977, 3407, 2165, 3696, 4457, 2619, 4843, 5564, 4717, 6414, 5464, 4402, 3932, 5113, 3673, 5309, 6523, 6336, 5304, 3395, 2859, 4083, 5303, 2955, 6587, 4076, 1573, 536, 1060, 659, 1162, 872, 955, 958, 1299, 611, 1131, 809, 768, 1290, 1589, 1490, 1372, 1318, 614, 564, 1067, 116, 507, 1579, 1732, 1949, 6556, 3951, 1235, 2099, 1891, 736, 544, 387, 855, 1183, 2507, 2395, 2474, 1815, 2592, 3671, 3889, 4486, 6849, 6575, 5624, 2961, 2230, 1606, 1851, 2286, 1411, 133, 1468, 1197, 543, 916, 2785, 2337, 2480, 1703, 516, 337, 1899, 427, 404, 21, 293, 2033, 1989, 1097, 988, 1506, 767, 819, 698, 1089, 1683, 4207, 1561, 1669, 826, 901, 1858, 2055, 5033, 4969, 6498, 5584, 4967, 5613, 6540, 7083, 5997, 5256, 4499, 5224, 4562, 4060, 6928, 991, 799, 2291, 4363, 3263, 5990, 6305, 5962, 6646, 4429, 2946, 1407, 1044, 2886, 6898, 5044, 1786, 2285, 2666, 691, 554, 3244, 4888, 5569, 5951, 3770, 5623, 5282, 6774, 3360, 5469, 3384, 1256, 918, 1448, 3317, 5634, 6492, 6651, 6465, 4200, 4656, 4220, 5609, 5601, 4464, 3320, 6921, 6050, 6968, 4723, 3296, 3452, 2419, 3478, 6765, 3971, 3898, 5897, 5357, 3126, 2096, 2783, 2685, 666, 1356, 1558, 982, 449, 3, 305, 280, 494, 583, 716, 347, 737, 1052, 1181, 790, 731, 839, 190, 843, 5061, 3587, 4059, 3049, 2873, 3812, 3906, 3970, 2838, 2741, 2605, 2791, 4608, 6793, 6602, 6429, 6220, 7087, 6855, 3260, 1978, 1835, 2962, 2457, 5911, 4759, 6578, 5573, 6524, 5253, 4694, 3213, 1715, 5593, 4338, 5286, 4712, 5700, 5825, 6623, 4740, 4524, 4637, 3793, 3413, 3258, 2767, 3454, 2900, 3517, 607, 56, 115, 3218, 3644, 3498, 4034, 3788, 6712, 6052, 4074, 4906, 5076, 4837, 4382, 1503, 1351, 1550, 5206, 4916, 6421, 7033, 7050, 5090, 2390, 3455, 4498, 5722, 6197, 5835, 4370, 7112, 5414, 2147, 1607, 1875, 2988, 4447, 4553, 4332, 4514, 2183, 1500, 1082, 352, 1331, 1311, 1879, 3253, 5201, 4163, 4128, 3153, 6778, 5597, 6156, 3496, 3505, 3497, 2766, 2389, 3720, 2989, 2967, 2821, 1765, 1330, 2052, 2998, 5203, 7117, 6508, 4611, 4726, 3330, 5326, 4425, 3374, 2923, 4435, 158, 107, 603, 341, 80, 660, 2060, 1474, 176, 291, 375, 679, 1002, 4761, 3647, 4894, 5293, 5086, 3474, 2663, 2717, 2806, 6978, 5588, 1638, 1124, 1146, 917, 122, 1574, 1614, 1429, 1848, 2195, 2363, 2485, 3345, 4574, 6196, 4203, 5034, 7097, 4531, 4775, 4184, 3065, 2346, 2553, 1849, 3029, 1026, 778, 567, 807, 1209, 830, 301, 44, 24, 94, 112, 108, 1009, 1670, 1904, 2221, 5592, 4124, 3521, 2118, 838, 552, 1721, 1627, 2017, 2958, 2851, 3886, 5217, 25, 914, 871, 896, 1658, 1674, 2200, 3071, 3219, 4989, 3992, 5166, 4441, 2394, 3714, 2366, 3415, 4862, 4603, 4756, 5162, 2723, 2098, 1688, 1725, 1522, 1508, 1586, 890, 417, 1103, 1458, 399, 702, 119, 172, 527, 1147, 1166, 885, 3449, 4134, 1656, 1010, 1667, 1749, 1619, 3667, 4111, 4472, 6770, 6115, 4735, 3799, 6094, 6967, 5388, 3089, 7069, 4366, 5800, 6919, 6079, 6369, 4312, 3537, 3383, 4784, 2902, 3572, 2340, 4686, 5651, 5640, 5396, 2414, 1961, 2088, 2627, 3053, 3712, 3738, 4042, 6878, 5776, 5608, 5062, 5017, 4284, 5916, 4394, 5063, 3795, 6184, 6693, 7018, 7136, 6722, 4580, 4285, 3937, 3250, 3896, 5317, 4939, 3541, 3816, 1763, 1930, 1008, 717, 2008, 1400, 1317, 1548, 925, 617, 220, 266, 1467, 1901, 1918, 803, 187, 1724, 292, 425, 237, 1772, 2769, 1595, 4659, 5071, 4323, 7028, 4632, 5620, 6431, 2815, 3737, 4351, 3612, 4503, 3137, 1310, 1093, 104, 797, 6419, 3451, 7119, 6530, 4544, 5314, 6545, 6106, 3409, 1697, 1794, 464, 131, 54, 1027, 1017, 960, 1081, 770, 924, 823, 213, 711, 563, 1092, 2441, 2668, 6527, 7005, 4828, 4458, 2576, 2063, 1687, 1878, 1320, 4961, 3215, 3797, 4614, 4347, 3170, 5953, 4755, 6248, 4543, 4797, 6893, 5276, 5560, 3402, 5631, 6387, 6794, 6593, 6594, 6217, 2568, 1530, 5298, 5571, 5576, 5630, 7059, 6559, 5675, 4328, 2365, 2199, 2077, 1625, 1819, 964, 6038, 3546, 4518, 3642, 4230, 6070, 6013, 5315, 4475, 2433, 2566, 5115, 6879, 6682, 6972, 4174, 3225, 2807, 4766, 4771, 4073, 3446, 2606, 3174, 6190, 6861, 6131, 5215, 7025, 5169, 4103, 4652, 4168, 7076, 3367, 1446, 840, 910, 466, 51, 812, 1258, 1157, 2449, 4086, 3431, 3361, 4093, 3182, 4104, 4197, 1369, 2047, 3007, 3070, 3549, 4145, 5032, 3848, 4933, 3860, 3457, 3982, 6958, 6173, 4453, 5765, 5876, 6229, 2737, 2950, 135, 1086, 708, 550, 1038, 1199, 1672, 2417, 2436, 2420, 4887, 3051, 2640, 2274, 4239, 6777, 5066, 4794, 4778, 6576, 4057, 5556, 4215, 2280, 3247, 3206, 4410, 3781, 5945, 4881, 3513, 5265, 5534, 5349, 4714, 6133, 3952, 2611, 1121, 1633, 1628, 1585, 1463, 1790, 290, 4102, 4674, 2124, 6002, 6083, 6118, 6390, 5867, 4971, 6915, 6856, 6798, 5909, 5923, 5122, 3528, 4908, 5753, 5781, 3862, 3734, 6564, 6729, 6971, 6477, 5625, 6206, 6886, 4707, 4963, 5230, 6096, 5159, 4698, 6773, 5861, 7012, 2889, 6965, 6969, 4729, 5345, 4948, 3945, 3103, 6795, 6839, 5089, 6484, 6155, 3326, 2511, 4218, 4959, 5268, 5644, 4666, 5347, 5752, 3274, 2490, 4983, 6643, 6821, 4785, 6500, 7098, 6520, 6772, 5938, 6506, 6281, 5507, 2222, 2596, 3209, 5443, 6030, 6688, 6754, 3960, 4763, 6562, 5727, 5278, 3808, 4125, 1248, 1025, 3273, 6416, 1782, 3959, 1557, 3150, 5522, 4998, 5629, 4355, 5050, 3033, 3674, 3563, 835, 42, 164, 5749, 5404, 6964, 5238, 3758, 3853, 4194, 2607, 4923, 2177, 2180, 3421, 4352, 1862, 974, 669, 3485, 1864, 1378, 2090, 1421, 439, 2744, 2501, 3821, 4304, 4007, 3441, 4928, 4678, 3386, 3139, 3300, 4044, 2799, 2875, 1563, 1353, 1791, 1603, 2271, 3261, 3728, 485, 522, 1115, 969, 900, 1936, 1850, 686, 1007, 1601, 4925, 4423, 5368, 5354, 6998, 7118, 4919, 1932, 1801, 4477, 4488, 5112, 2301, 2689, 3554, 2519, 2547, 5857, 5957, 5881, 5291, 2779, 2932, 3606, 4820, 3488, 2150, 2866, 3081, 2234, 1650, 1803, 1699, 1083, 2991, 2601, 3893, 4186, 3458, 5804, 6869, 3837, 2739, 4061, 65, 150, 4952, 4303, 2114, 3340, 3480, 3977, 2973, 2134, 3040, 6570, 3332, 3288, 2879, 3235, 1781, 1960, 2020, 2521, 3243, 5292, 5322, 6092, 6995, 6724, 4871, 4890, 5210, 6450, 6727, 6840, 3372, 4118, 4011, 3773, 5260, 4391, 4301, 2179, 2172, 1895, 1880, 2213, 1534, 6199, 7089, 6303, 5213, 5669, 4589, 5692, 6010, 5216, 5681, 4449, 5060, 6786, 6359, 5221, 5408, 5340, 3988, 3607, 5157, 5777, 1994, 3028, 3635, 985, 781, 644, 2715, 3289, 6617, 6600, 6841, 6663, 5915, 6149, 6650, 6925, 6934, 5859, 5679, 3130, 5478, 7072, 1538, 3318, 1820, 2034, 2057, 2678, 2538, 2030, 2067, 2175, 1532, 1985, 2296, 2997, 4607, 5547, 3382, 3620, 6620, 6226, 4809, 5842, 5183, 6378, 4994, 6353, 5910, 7073, 7043, 4052, 1267, 1253, 1095, 1291, 405, 1132, 4500, 6263, 4822, 5729, 5905, 6891, 7061, 6852, 6533, 5768, 6867, 6254, 6918, 5305, 4641, 2327, 2609, 3430, 2533, 2667, 2510, 4231, 3088, 5730, 6043, 6976, 5879, 5359, 4897, 6425, 6417, 7032, 6391, 4494, 5266, 6904, 5302, 5954, 6796, 5940, 5330, 2883, 5854, 4844, 6080, 5258, 4853, 5411, 4501, 4385, 5496, 7038, 6749, 5683, 3830, 2197, 4322, 1279, 4869, 6647, 5919, 6741, 5301, 3640, 4519, 4765, 4920, 4876, 3254, 4178, 4979, 1452, 534, 362, 356, 493, 180, 647, 248, 928, 1179, 1315, 3700, 3925, 5191, 4962, 4383, 6033, 6502, 3560, 3121, 5318, 5742, 6872, 5748, 3702, 2907, 3771, 2188, 4467, 2461, 4392, 2579, 1860, 2006, 2499, 4365, 3223, 2759, 3054, 6711, 4790, 3789, 2176, 2513, 1509, 5585, 4689, 2790, 2260, 2502, 2148, 1159, 569, 2650, 271, 170, 147, 139, 47, 1386, 1635, 1746, 1887, 2597, 1544, 4147, 4973, 2217, 2459, 3292, 4397, 431, 757, 1526, 3362, 2581, 2381, 1680, 126, 1149, 546, 2528, 2732, 4095, 5856, 6349, 5796, 6110, 4181, 2976, 1636, 1367, 1919, 1682, 2646, 4868, 5762, 5763, 7030, 7085, 6597, 6546, 5465, 4658, 5406, 5065, 4943, 5774, 5536, 5792, 3499, 1758, 1079, 824, 1491, 586, 620, 411, 495, 1912, 635, 741, 2842, 3536, 3055, 2999, 4133, 4493, 4695, 5798, 5636, 7109, 7010, 5746, 6621, 6423, 5197, 5054, 5029, 3354, 6195, 3593, 2942, 3561, 3986, 5010, 5228, 5814, 5148, 2236, 3060, 2747, 3061, 7090, 4314, 2194, 2325, 2400, 1543, 2214, 2781, 2156, 1417, 2259, 5028, 5988, 3237, 1651, 1216, 950, 360, 1293, 496, 1441, 4841, 5432, 6176, 4080, 4273, 5429, 3464, 1431, 1707, 1542, 1466, 2075, 2265, 2255, 3542, 1525, 1436, 4559, 5690, 4121, 3299, 3798, 3665, 2087, 1450, 1032, 2023, 4378, 4320, 3597, 6300, 6808, 6715, 6779, 5510, 5367, 4630, 4647, 2571, 3749, 6923, 4424, 5187, 5935, 4334, 5688, 2703, 2841, 4950, 5860, 4613, 5295, 3903, 4523, 4191, 2922, 530, 27, 181, 518, 1853, 2239, 414, 77, 111, 254, 469, 883, 2333, 2549, 3031, 3706, 4158, 5607, 6151, 5356, 6830, 4810, 5661, 4364, 2520, 1859, 2105, 1126, 1570, 1964, 3460, 4055, 4179, 589, 2522, 6966, 1945, 1245, 2300, 4417, 4873, 6639, 4578, 4437, 4642, 4527, 5004, 4491, 3271, 5042, 6483, 6343, 6001, 4796, 4730, 2409, 1869, 4984, 7053, 4697, 2638, 5855, 3949, 4001, 2073, 2573, 1352, 235, 697, 707, 693, 2657, 1947, 4742, 1471, 1832, 706, 200, 608, 419, 582, 1156, 2061, 2616, 4069, 5716, 5039, 3119, 4169, 5874, 3777, 1646, 1559, 3534, 2298, 4736, 5046, 6963, 5126, 6123, 6860, 7108, 7116, 4247, 4272, 5936, 5944, 1387, 1568, 1652, 1600, 4728, 7007, 4308, 5964, 4376, 2899, 2038, 3302, 6579, 4865, 3999, 5658, 5087, 3924, 3059, 545, 1206, 4789, 7002, 6699, 3385, 4835, 6470, 6438, 6788, 6457, 3761, 3829, 3875, 4252, 5862, 6261, 6456, 4935, 4886, 5289, 6510, 6411, 3888, 4049, 5308, 7078, 7035, 5364, 1811, 1805, 1903, 2351, 3291, 4691, 5264, 6739, 6979, 5342, 1755, 2376, 1228, 1383, 3755, 3401, 451, 1997, 3617, 4012, 4760, 7103, 5470, 5902, 5937, 2707, 3805, 1140, 980, 1773, 2724, 2382, 1969, 1993, 2621, 2565, 2760, 2514, 5579, 5685, 3676, 3352, 3824, 3334, 6073, 3803, 4552, 5014, 4530, 5121, 5312, 6334, 4233, 4350, 930, 331, 177, 309, 532, 3652, 1922, 551, 542, 1090, 4513, 3810, 5674, 6590, 6792, 5417, 5921, 5632, 5154, 6800, 7114, 4170, 5229, 6634, 3757, 2551, 2692, 3122, 3432, 2831, 3015, 2399, 2450, 2022, 189, 272, 99, 37, 444, 96, 212, 680, 1900, 379, 526, 3874, 5865, 4427, 2868, 4512, 3434, 1984, 1759, 4190, 4100, 3177, 2203, 4045, 3926, 5233, 4992, 3834, 6466, 6461, 4275, 4776, 3697, 6357, 6632, 6172, 7091, 4047, 4234, 5952, 6371, 5566, 3711, 5586, 4616, 4107, 4214, 4957, 5886, 5965, 3526, 6205, 4159, 4772, 3290, 3589, 3351, 1457, 2775, 2658, 2162, 4401, 1775, 4260, 3909, 6782, 4912, 5657, 5120, 5096, 6806, 6764, 6432, 6113, 5502, 5904, 6686, 5939, 4056, 3221, 5214, 6193, 6481, 6296, 6283, 5846, 3501, 4684, 5155, 6019, 5384, 2636, 6463, 4665, 4395, 2359, 5830, 5701, 6735, 5437, 5638, 4327, 3661, 3425, 2431, 4661, 3034, 3471, 6166, 5720, 4645, 6209, 2543, 3681, 6548, 3459, 3277, 1404, 1338, 1939, 2341, 4068, 6776, 6940, 7006, 6810, 6943, 5452, 4581, 1582, 336, 161, 39, 206, 547, 330, 721, 632, 574, 804, 888, 2185, 3555, 3801, 4046, 2931, 7009, 5887, 6630, 6485, 4662, 6596, 5030, 3719, 4224, 3275, 5078, 5914, 5461, 5338, 4002, 3722, 4029, 2324, 1226, 1885, 3203, 5003, 3180, 1402, 2025, 4227, 4377, 2212, 1554, 1754, 2711, 4548, 1414, 1494, 893, 2647, 2281, 2615, 2920, 2143, 4232, 6787, 6970, 5170, 4483, 5147, 5837, 6161, 3931, 3500, 3948, 3679, 2186, 1797, 222, 275, 1449, 2358, 1609, 7124, 4077, 3091, 6994, 5966, 6469, 6560, 5731, 5402, 2164, 2320, 2361, 5084, 3745, 4317, 6289, 1262, 1344, 1982, 368, 652, 926, 2934, 5689, 3439, 3310, 5734, 4123, 6325, 4683, 2122, 3301, 6544, 1412, 6863, 3518, 3508, 4319, 4914, 4058, 2045, 3456, 3881, 3892, 3786, 3861, 3185, 3956, 6924, 6677, 7142, 6087, 4875, 5643, 5845, 5790, 4560, 2130, 4508, 5158, 3074, 1760, 2081, 1059, 1571, 3087, 6922, 5745, 6179, 5161, 3398, 6880, 5955, 2927, 3759, 2693, 1720, 1224, 5095, 6127, 6674, 5445, 6935, 4249, 4836, 3168, 3075, 4114, 6678, 4211, 2248, 2342, 3110, 4205, 2473, 2339, 602, 2936, 2364, 4010, 3416, 4279, 3018, 2256, 5653, 3969, 5958, 6567, 6301, 6975, 6681, 2133, 1608, 939, 1078, 626, 613, 783, 844, 997, 521, 207, 3849, 3510, 2311, 2971, 3371, 4250, 2272, 1019, 1439, 2101, 3985, 4299, 3545, 2582, 2771, 6005, 3628, 4921, 1593, 1741, 1056, 1396, 3183, 2871, 1736, 2742, 4650, 2996, 4811, 6462, 6833, 6082, 6973, 5863, 5883, 6102, 5766, 6249, 3779, 5242, 2823, 1890, 1726, 1117, 1177, 397, 105, 525, 604, 800, 434, 250, 902, 1739, 2116, 3911, 4192, 4081, 5421, 5190, 4654, 5483, 3303, 1914, 3822, 2749, 2305, 5866, 3359, 1462, 2669, 6314, 4456, 5767, 4558, 5508, 6605, 4443, 4878, 6187, 6312, 4893, 6640, 6519, 3408, 4495, 3420, 4745, 3046, 2107, 1136, 1357, 1066, 1841, 2072, 3329, 3093, 6913, 3608, 2282, 1118, 2007, 3616, 2983, 2892, 4137, 2959, 2437, 1694, 2730, 1722, 1696, 2078, 2310, 5833, 5828, 4842, 4038, 2113, 1049, 1322, 1717, 1716, 6144, 4468, 5533, 7107, 6824, 5779, 815, 938, 943, 2002, 2079, 2935, 2612, 3632, 2894, 1620, 1535, 959, 1768, 3736, 6505, 5492, 4882, 4090, 5599, 5431, 4202, 6202, 5979, 5610, 5973, 5535, 4340, 5480, 5567, 4595, 3514, 2594, 2745, 1654, 2141, 3145, 837, 1583, 1065, 1793, 1807, 2458, 4135, 2613, 4309, 5868, 4803, 5047, 4256, 3447, 2587, 2529, 6313, 1296, 941, 174, 277, 2135, 2115, 2015, 3042, 3438, 3531, 5257, 3844, 3339, 5114, 4341, 6901, 2825, 5254, 5116, 3709, 4633, 5639, 6648, 6486, 4949, 4098, 6804, 6448, 6892, 5943, 5698, 5251, 6758, 3533, 877, 849, 561, 584, 504, 128, 69, 40, 167, 862, 1142, 1212, 3699, 2690, 1461, 1394, 957, 665, 1361, 1332, 1541, 4783, 3419, 1495, 1373, 5462, 5361, 5223, 5339, 1184, 634, 822, 1723, 1968, 3379, 6395, 6042, 5371, 5103, 5619, 3677, 2244, 2448, 36, 276, 303, 695, 50, 857, 1408, 3196, 5037, 5497, 5616, 4922, 5728, 3774, 5441, 6090, 4025, 3212, 3423, 7000, 6959, 6704, 5450, 4605, 3910, 4166, 4620, 5494, 6449, 4612, 4956, 3599, 3390, 3037, 1399, 753, 459, 4549, 5056, 3782, 3265, 3356, 6060, 6563, 5594, 4804, 3493, 1444, 137, 2586, 2772, 2479, 2345, 1955, 1713, 6037, 3894, 5472, 3576, 4515, 4832, 4353, 3173, 1223, 3113, 3591, 5741, 6328, 6857, 6755, 6107, 6661, 6282, 2713, 2206, 2674, 3550, 1615, 1432, 795, 168, 123, 55, 422, 471, 339, 89, 744, 1419, 1518, 1967, 1094, 766, 537, 430, 559, 377, 455, 229, 13, 261, 3453, 4244, 298, 302, 873, 780, 734, 4629, 2914, 2053, 2355, 3953, 6910, 3323, 5723, 3511, 1979, 3484, 2422, 4791, 3756, 5138, 2630, 5426, 4082, 2625, 4774, 2482, 3023, 5135, 4701, 5053, 6888, 6152, 6743, 4738, 4528, 6737, 6698, 6252, 5827, 5982, 4418, 2127, 2401, 1327, 1225, 1798, 210, 265, 712, 696, 703, 861, 333, 307, 630, 854, 100, 413, 163, 1700, 1391, 1084, 2391, 2261, 2119, 1584, 1663, 1006, 1347, 1479, 2036, 2068, 1881, 1686, 2003, 1750, 483, 745, 913, 63, 1046, 738, 416, 389, 954, 202, 1488, 5892, 7019, 5606, 5885, 4067, 5677, 4575, 6059, 4821, 4601, 5150, 2446, 4287, 2965, 3557, 3167, 3069, 4075, 3962, 2223, 5810, 6048, 3841, 3981, 4481, 2283, 6789, 7110, 3506, 1992, 2542, 3629, 2856, 2426, 2590, 2470, 4699, 1708, 5459, 4780, 6078, 4704, 5360, 5498, 5073, 6040, 5946, 3462, 4768, 5948, 5799, 6299, 5460, 6207, 4154, 4681, 3492, 348, 684, 160, 3905, 5539, 6101, 5691, 6522, 2858, 5420, 4217, 4551, 4109, 3043, 3850, 2477, 3287, 5152, 5021, 2332, 4189, 4516, 5527, 6660, 3149, 5395, 2865, 2813, 6761, 4646, 4405, 5123, 5423, 6728, 4439, 3086, 4570, 3998, 2294, 2402, 2424, 3358, 3156, 3171, 2495, 3859, 4157, 5987, 6591, 6208, 6720, 6881, 4343, 2598, 6122, 5105, 2198, 2505, 1370, 750, 758, 231, 462, 600, 16, 478, 317, 103, 421, 433, 441, 1204, 423, 538, 1376, 2097, 465, 238, 239, 426, 1599, 258, 354, 2985, 3611, 933, 1389, 1128, 1384, 2151, 2226, 1464, 1422, 1272, 573, 378, 791, 474, 1189, 2064, 1618, 1520, 1196, 3080, 1951, 2404, 2574, 3143, 5398, 6622, 3976, 2780, 5544, 4958, 5313, 4461, 2102, 1531, 1810, 2158, 1173, 1380, 1075, 226, 976, 6276, 3763, 825, 1504, 364, 701, 713, 2184, 2691, 2140, 4860, 4140, 4813, 4460, 6499, 5165, 1738, 4455, 4354, 4028, 1437, 2743, 5355, 2857, 4913, 6381, 4261, 5972, 4583, 5080, 5707, 5836, 3908, 2273, 649, 153, 470, 863, 853, 343, 392, 273, 124, 18, 921, 3638, 4703, 5550, 5181, 4985, 6884, 5949, 6009, 6211, 6279, 6114, 5870, 3198, 1889, 1866, 2264, 1341, 1033, 1403, 1894, 2430, 2837, 3718, 1701, 5647, 6476, 6297, 6803, 6165, 3836, 5820, 6014, 6670, 6577, 6076, 5756, 6006, 6003, 2318, 2187, 1496, 2617, 2304, 1933, 2811, 2263, 1844, 2254, 5934, 5809, 3987, 3435, 1598, 370, 1693, 2227, 2225, 2509, 4032, 4336, 5489, 2353, 4466, 2577, 2010, 6210, 5043, 4257, 5633, 7128, 5486, 4209, 3838, 2456, 2916, 2890, 2371, 2604, 2463, 6240, 2803, 2472, 2649, 2295, 1273, 4175, 4113, 4339, 1343, 380, 475, 2901, 3412, 4313, 6536, 6316, 668, 28, 818, 2908, 5737, 5851, 4846, 2329, 2453, 1644, 1393, 1867, 3239, 3618, 1297, 2385, 3197, 6926, 6757, 6535, 5093, 4856, 4852, 5925, 6088, 2406, 7106, 6221, 4653, 6601, 6974, 5, 76, 1442, 2634, 4096, 5091, 4737, 3509, 3483, 6654, 4903, 6809, 6991, 7042, 7115, 6189, 4265, 4848, 6813, 5079, 5296, 1445, 1767, 2018, 4590, 5521, 6346, 7049, 2926, 6825, 3279, 4079, 3115, 2986, 6941, 5185, 5755, 5999, 5348, 3883, 4537, 3553, 1873, 1710, 2289, 2940, 5149, 6035, 6041, 6697, 4105, 2789, 2702, 3190, 3558, 252, 1938, 156, 557, 1214, 1287, 1828, 4859, 5208, 5373, 6021, 5074, 6170, 5440, 1743, 1266, 1271, 549, 468, 383, 989, 1190, 978, 975, 648, 4777, 4436, 5393, 6029, 5022, 4416, 3923, 5503, 5179, 5250, 4282, 4663, 2423, 3214, 4609, 4718, 4480, 5479, 5372, 4554, 5968, 6558, 6472, 2751, 5171, 5581, 5493, 5605, 3828, 2980, 6383, 5481, 6669, 5568, 2888, 5684, 5390, 4318, 3195, 6278, 5844, 5708, 5920, 5082, 3491, 2070, 4924, 5045, 3866, 6178, 4636, 4471, 2970, 3660, 7121, 7141, 2398, 2508, 2631, 2445, 3579, 3368, 2727, 3109, 1345, 962, 2832, 2860, 2644, 3233, 6067, 4896, 4592, 5428, 5841, 6434, 4940, 4942, 5875, 4762, 5697, 6136, 5646, 3707, 1324, 678, 4127, 6695, 4018, 4999, 4696, 6017, 6243, 6317, 3568, 5107, 5173, 5803, 6552, 5334, 5438, 6785, 7065, 5142, 6064, 5151, 5240, 5391, 4693, 2728, 2452, 2092, 1910, 2136, 1139, 846, 1366, 1502, 1349, 244, 1109, 1283, 1671, 1902, 1856, 1800, 968, 1015, 1861, 2776, 2729, 1483, 1660, 2578, 3733, 4054, 6714, 6665, 6705, 2593, 4180, 3938, 2804, 2843, 3873, 4700, 6104, 6441, 5375, 4141, 5186, 6097, 6603, 7066, 403, 655, 688, 700, 565, 519, 438, 1928, 3346, 6700, 6330, 5403, 6955, 6049, 5019, 6338, 6742, 4930, 5025, 3512, 5127, 6687, 5344, 4932, 4171, 3144, 4150, 2675, 1916, 2080, 2218, 2048, 727, 920, 1101, 1143, 1003, 458, 487, 306, 81, 384, 1069, 90, 442, 255, 3322, 3567, 3036, 3175, 5695, 4877, 3076, 2603, 3161, 2297, 351, 106, 359, 1191, 2558, 3450, 4433, 5040, 3022, 2524, 1770, 1631, 2915, 3157, 4496, 4623, 6948, 5680, 3724, 4000, 2328, 6494, 6905, 5182, 1309, 609, 446, 344, 656, 772, 763, 1188, 1145, 5645, 6386, 6236, 5524, 5272, 5969, 6344, 6212, 4485, 4807, 4281, 5153, 4568, 4687, 7034, 6956, 7129, 3124, 5386, 6331, 6124, 6350, 6366, 3039, 3393, 2545, 1877, 535, 154, 1604, 2429, 7071, 6887, 5931, 6655, 6234, 4910, 4824, 3778, 5239, 6666, 6322, 5490, 6004, 6572, 4566, 4951, 6308, 5000, 3713, 6751, 4412, 3717, 4248, 5104, 6159, 5980, 5780, 7099, 5051, 6641, 7001, 5975, 6274, 4929, 3136, 3269, 3747, 4511, 5485, 6247, 6938, 7004, 5026, 3445, 6310, 2960, 5399, 2820, 4907, 6592, 6990, 5580, 6580, 6347, 6329, 5381, 5474, 6619, 5447, 6224, 4204, 2893, 2405, 2506, 3118, 3270, 5425, 6531, 5526, 3507, 5204, 5409, 6871, 6999, 6585, 5435, 2243, 3052, 6054, 4968, 2910, 2443, 3929, 3336, 4036, 4177, 4541, 4411, 6171, 6557, 2968, 3857, 1855, 510, 3613, 6497, 6625, 6309, 6099, 6900, 7104, 5671, 3026, 2084, 2171, 1194, 1077, 407, 2726, 3079, 4400, 3701, 2564, 6045, 4600, 4898, 2947, 1971, 3502, 3377, 4290, 4063, 3864, 7131, 4787, 4152, 5275, 4988, 4278, 2139, 2778, 2489, 4375, 2762, 4356, 3643, 3796, 3752, 4156, 5665, 4670, 3098, 3538, 2569, 5505, 7047, 7022, 5267, 4682, 4132, 2877, 2614, 2570, 1303, 1795, 878, 191, 157, 74, 296, 467, 125, 432, 1676, 1842, 6348, 6945, 5618, 4182, 2864, 1323, 2191, 3192, 5177, 6103, 2204, 2321, 3187, 5382, 6718, 6034, 5583, 4235, 3162, 2943, 4855, 7040, 6731, 6608, 6242, 4798, 2982, 2698, 3364, 1784, 1752, 1857, 2121, 1476, 1375, 1280, 6818, 1154, 182, 1966, 1956, 2654, 3743, 6745, 5635, 2719, 2679, 4976, 3852, 3654, 4635, 6551, 2069, 2159, 1484, 3933, 7082, 7123, 3142, 3598, 4271, 4373, 4585, 6287, 4781, 6848, 4786, 5108, 2651, 3014, 5097, 5310, 5557, 5942, 5811, 6490, 4867, 4741, 4024, 6610, 4344, 4918, 4753, 4825, 5290, 5468, 5678, 7095, 3590, 6255, 5016, 3473, 3532, 2850, 3825, 5234, 2014, 3325, 2794, 2643, 2904, 3403, 3444, 4426, 2562, 3370, 6424, 5528, 3436, 4904, 4826, 798, 482, 1172, 2974, 4895, 3621, 2201, 2241, 2386, 1970, 2315, 2421, 2168, 3730, 2854, 1679, 1709, 1789, 894, 879, 1325, 1435, 1134, 357, 682, 26, 673, 1833, 1072, 1298, 6503, 6117, 6766, 4927, 4246, 3004, 2432, 2788, 1980, 1812, 2972, 3551, 6746, 5243, 5563, 2956, 3547, 6473, 5538, 827, 445, 66, 979, 267, 987, 1783, 2418, 2373, 1626, 4463, 2411, 3199, 4110, 4615, 391, 349, 4953, 1662, 1153, 765, 247, 3975, 4944, 3595, 6370, 5929, 7026, 3280, 3276, 3337, 4101, 4812, 5977, 5219, 3819, 5207, 4866, 4644, 5058, 6949, 5927, 4660, 6025, 7052, 7031, 7016, 6908, 6609, 6175, 6126, 4399, 2086, 3107, 5775, 4241, 5300, 5009, 6069, 6418, 5163, 4372, 1034, 2845, 3582, 3020, 7021, 5993, 6420, 3832, 2964, 2896, 3357, 6902, 5871, 6939, 5178, 7081, 6213, 5002, 6906, 5834, 5335, 5641, 5358, 6016, 6091, 4845, 5642, 3284, 641, 286, 4348, 3128, 3814, 6141, 6864, 7027, 6932, 2174, 2246, 3236, 3947, 2142, 3769, 2497, 322, 747, 828, 2019, 786, 1661, 1647, 2427, 3592, 2708, 3663, 2635, 2768, 2149, 2349, 5933, 6139, 5211, 6828, 7080, 5843, 4631, 5133, 5595, 2816, 1397, 833, 591, 512, 909, 856, 1416, 5059, 6345, 4746, 6827, 5400, 6471, 3655, 2205, 2746, 1168, 476, 2735, 6055, 4567, 2847, 1796, 996, 64, 506, 53, 225, 1164, 312, 60, 2352, 3062, 2844, 1456, 1766, 1420, 663, 662, 683, 788, 435, 62, 418, 1423, 218, 3285, 5852, 5139, 5817, 5558, 5482, 5751, 6843, 3024, 1965, 2733, 1418, 1742, 1637, 3041, 6807, 6684, 4198, 6158, 5815, 6057, 4349, 6819, 4259, 2484, 5963, 5805, 4840, 4009, 2683, 4126, 6988, 7054, 3928, 5764, 3552, 3002, 3469, 3123, 3096, 3802, 6569, 7063, 6837, 6138, 4408, 5442, 2994, 3429, 2937, 2705, 4099, 3692, 7070, 6996, 6882, 3600, 2710, 4542, 3914, 4724, 3073, 3877, 2377, 1831, 2146, 2984, 3614, 4991, 6284, 5818, 6026, 3158, 3210, 3314, 3327, 2876, 3794, 2182, 3176, 4588, 3744, 2905, 2491, 2290, 2253, 5714, 223, 1653, 1513, 1313, 4782, 4473, 5514, 5048, 5758, 4831, 4413, 6985, 5956, 4414, 4955, 5427, 4795, 6000, 3066, 5106, 6132, 4262, 6445, 3826, 4610, 6895, 2548, 3468, 1809, 1473, 4734, 6458, 3155, 1395, 2498, 1282, 283, 9, 1203, 251, 457, 596, 847, 676, 1621, 1453, 2765, 1817, 1779, 1497, 1837, 739, 2278, 2440, 5241, 3335, 2091, 1480, 1337, 726, 3316, 2600, 3245, 4040, 3721, 3916, 3872, 5269, 2541, 4915, 6022, 4386, 5518, 6163, 7134, 5137, 4901, 937, 1268, 762, 606, 84, 78, 2331, 1227, 4149, 1141, 7074, 0, 33, 374, 661, 198, 162, 1612, 1545, 1368, 5794, 5419, 2676, 3685, 3251, 3578, 6384, 4131, 6356, 6451, 6589, 6733, 6730, 5555, 3641, 4374, 4091, 6526, 5146, 3389, 4981, 4814, 1362, 1236, 1058, 884, 121, 110, 952, 1120, 1163, 6442, 6222, 6740, 5600, 6513, 6555, 5378, 5711, 6642, 6652, 3594, 4505, 4306, 4066, 2624, 1804, 1552, 4438, 2531, 2954, 1533, 1304, 4368, 6368, 6723, 5488, 6304, 4978, 3957, 4297, 5458, 6811, 2659, 2476, 4720, 6108, 6323, 4538, 2945, 4880, 5523, 4733, 5424, 6822, 6024, 5922, 2913, 2911, 4346, 3880, 7093, 3842, 6259, 5984, 5992, 5553, 3001, 3678, 6627, 6046, 6265, 4164, 4276, 6376, 3013, 6268, 6440, 4540, 6752, 6628, 5100, 6791, 5143, 6656, 6542, 6933, 6658, 6342, 5693, 4990, 2240, 1778, 1567, 761, 11, 3077, 3529, 2478, 1695, 2469, 1385, 859, 1926, 720, 1816, 35, 513, 1839, 1300, 1753, 555, 813, 484, 936, 1064, 3000, 2413, 1787, 1208, 961, 2016, 2076, 2559, 2434, 1524, 1756, 1569, 1572, 2110, 2953, 2810, 3994, 4380, 4982, 6614, 3388, 3344, 3622, 5055, 4035, 1886, 4599, 2979, 3138, 3815, 4561, 2005, 4722, 5324, 6089, 6547, 5782, 6232, 7062, 6351, 5196, 5769, 6957, 5950, 5495, 3820, 2793, 2103, 4634, 5659, 4345, 6020, 6866, 6636, 5248, 4685, 4326, 6280, 3715, 951, 4280, 6337, 4972, 5525, 2878, 2764, 3764, 3246, 5559, 4237, 3806, 4719, 6238, 6105, 6223, 5306, 5444, 6363, 6534, 6145, 6435, 3887, 5118, 4748, 4223, 4295, 6061, 2830, 6214, 4478, 3343, 3694, 4770, 2348, 3328, 3524, 5784, 4517, 1814, 2153, 2467, 2074, 1428, 1201, 1854, 3939, 5694, 6407, 6707, 3294, 1689, 1151, 1260, 1302, 1774, 1821, 1640, 1847, 4242, 3117, 3646, 2924, 2317, 2757, 2782, 3063, 2700, 2439, 2938, 1681, 2412, 2247, 5821, 4216, 2232, 3835, 3790, 4420, 5128, 5917, 5907, 6288, 4014, 3605, 3242, 3127, 1264, 1104, 1074, 956, 1040, 1546, 224, 2379, 1434, 1648, 1114, 1623, 2354, 1251, 3094, 4122, 2397, 5501, 1935, 814, 1307, 1238, 502, 503, 897, 898, 23, 1041, 477, 59, 1030, 1278, 1336, 622, 480, 299, 29, 639, 195, 127, 323, 776, 41, 508, 705, 1169, 1144, 1088, 912, 732, 2540, 1505, 1553, 246, 773, 3865, 4754, 4266, 2828, 3489, 5232, 5542, 5703, 6859, 6488, 5475, 4277, 1590, 725, 7, 138, 984, 719, 802, 806, 733, 1054, 1882, 2170, 3230, 2496, 2396, 2884, 5519, 7013, 3727, 3009, 3267, 4176, 6036, 5614, 6018, 6645, 7020, 5612, 5670, 6897, 6244, 4258, 3817, 2656, 3207, 7126, 3863, 1536, 2268, 1921, 556, 675, 4361, 5307, 5376, 6120, 2512, 3257, 3146, 6188, 6993, 6982, 6676, 4283, 2770, 2951, 4222, 4335, 3164, 3116, 3307, 3102, 6008, 4945, 6174, 5648, 3569, 3823, 4680, 5912, 4577, 1274, 3958, 5350, 5422, 4597, 2673, 2468, 2408, 5209, 3991, 4732, 6409, 4974, 4398, 2012, 1276, 1217, 2326, 2526, 3912, 4705, 2975, 6920, 6509, 6537, 5261, 4931, 2530, 2357, 3191, 3624, 3548, 3556, 3651, 3972, 3813, 2095, 1925, 6219, 7056, 6072, 5719, 7086, 6326, 4406, 2626, 2323, 2839, 2454, 2488, 3140, 4112, 6341, 4864, 5454, 4676, 5195, 3753, 7011, 6616, 4710, 3783, 4019, 6231, 4800, 5901, 6160, 3348, 2917, 2699, 2338, 7057, 5789, 6694, 3163, 963, 1031, 947, 628, 842, 1481, 3522, 4316, 5270, 3869, 6246, 3967, 6032, 2049, 6987, 5676, 3990, 1764, 1175, 977, 821, 796, 1678, 1728, 1231, 1294, 3108, 3373, 6039, 5812, 5772, 2071, 2648, 6084, 5604, 5329, 2173, 2546, 850, 97, 1617, 1438, 1119, 568, 1486, 1808, 735, 657, 6372, 6631, 5995, 6504, 6823, 2632, 4360, 3017, 3965, 4369, 1001, 2330, 2862, 3897, 3313, 3586, 5757, 6812, 5981, 4526, 1335, 395, 424, 2462, 67, 829, 1099, 2471, 2343, 2460, 5872, 4555, 6272, 4357, 5001, 3870, 2207, 2697, 3083, 2210, 1487, 1564, 1170, 779, 597, 694, 3417, 6415, 7100, 1515, 1499, 2387, 2464, 2535, 2725, 2288, 1785, 3698, 4381, 3943, 4274, 4602, 5667, 5928, 6574, 5738, 6439, 6702, 6437, 6464, 4270, 6275, 6436, 3750, 1312, 948, 342, 420, 621, 2137, 1329, 1374, 1281, 892, 1898, 3238, 2696, 580, 2817, 2818, 4546, 2637, 3871, 2515, 3486, 2906, 2670, 3181, 3264, 3890, 5394, 4850, 6135, 5668, 5654, 6315, 4819, 3050, 5205, 6373, 5331, 4937, 5124, 4688, 5202, 6186, 5285, 5070, 5961, 5893, 5889, 5506, 5249, 3321, 3751, 5323, 5891, 2918, 6412, 6413, 1326, 541, 2903, 3847, 5754, 6028, 2987, 4889, 6896, 6672, 6952, 1959, 3716, 2846, 117, 1655, 1737, 685, 249, 410, 5515, 4834, 6732, 6706, 6760, 5099, 4905, 4619, 5649, 6098, 6277, 4986, 5415, 3106, 2595, 2704, 2682, 3306, 3601, 4997, 4315, 3833, 6053, 4245, 2481, 4448, 2829, 3934, 3686, 4452, 6883, 5407, 2939, 6607, 3915, 6944, 5998, 5687, 4043, 1705, 3347, 1825, 388, 3963, 4823, 4792, 4358, 5449, 6586, 7094, 3596, 2712, 2527, 1981, 6307, 6850, 5145, 5067, 3899, 6267, 5351, 7014, 6362, 4576, 2270, 1727, 1610, 990, 595, 452, 113, 2276, 5075, 3619, 5882, 6074, 5200, 5724, 4321, 3919, 6482, 6816, 6865, 6525, 6404, 6543, 7143, 6874, 4004, 3437, 3309, 4097, 2798, 2639, 1597, 1874, 400, 294, 2544, 366, 152, 440, 4324, 4964, 4749, 3405, 5908, 6877, 4255, 4269, 1838, 1237, 5877, 5487, 1354, 1108, 499, 2044, 2492, 1470, 636, 402, 1377, 944, 674, 1187, 3186, 3365, 1952, 2250, 2313, 3520, 5545, 5439, 5554, 6428, 6427, 6763, 4434, 2852, 3363, 1711, 2978, 2534, 3085, 2786, 5189, 5802, 4936, 4767, 4151, 3742, 3634, 3208, 3084, 3725, 3997, 1649, 1788, 3315, 1963, 1566, 3406, 6298, 6245, 5627, 5706, 5880, 2981, 4428, 4148, 3766, 4563, 6111, 3404, 5740, 4996, 6581, 6907, 5537, 5352, 6683, 5930, 5696, 5791, 6930, 7039, 7122, 7120, 6185, 4857, 7024, 4830, 5974, 5543, 3463, 6168, 4462, 4649, 4522, 5023, 5119, 5970, 5578, 7088, 7135, 6899, 4532, 3414, 2671, 2275, 1455, 1381, 1364, 1158, 623, 539, 566, 571, 334, 278, 262, 615, 970, 2824, 4342, 2231, 2660, 681, 5541, 5732, 4534, 2410, 2375, 4199, 953, 1254, 1222, 1289, 905, 1747, 1630, 1657, 728, 998, 1130, 1643, 845, 945, 646, 511, 385, 1799, 1818, 2302, 908, 866, 752, 755, 777, 1907, 1328, 1806, 3540, 1845, 2425, 2653, 5385, 7037, 5353, 1556, 1358, 1116, 1035, 1592, 1150, 640, 134, 321, 489, 775, 529, 221, 102, 488, 481, 245, 1390, 6753, 3100, 1946, 2641, 4310, 6393, 3964, 3944, 4858, 5960, 4296, 7023, 6292, 6927, 7140, 7055, 5005, 4015, 4288, 5816, 3664, 6983, 6685, 6842, 6829, 6671, 6191, 6501, 6583, 6759, 6916, 6844, 1514, 3961, 3341, 4294, 2952, 2874, 3693, 2814, 6095, 3475, 4072, 5473, 7133, 5813, 4816, 5611, 6011, 6954, 5853, 4172, 4027, 2652, 2941, 5453, 3543, 4625, 4535, 2555, 3392, 4657, 4847, 5849, 5795, 4598, 2050, 4115, 3172, 7045, 4711, 6455, 5562, 2106, 5712, 4161, 6936, 5134, 4672, 5281, 5156, 6401, 1443, 173, 3027, 178, 209, 4521, 4579, 4758, 3843, 4070, 4251, 3989, 3942, 5760, 5466, 4388, 5007, 6258, 5365, 6635, 3876, 5077, 4677, 3840, 3762, 4651, 6573, 4167, 5337, 5231, 2655, 5235, 4884, 4454, 5110, 6262, 4533, 6335, 3689, 3710, 5918, 4987, 6475, 6769, 6986, 6063, 6146, 5222, 4333, 6748, 6285, 5255, 2190, 4146, 5561, 3775, 3680, 1977, 5832, 1239, 2861, 2220, 1870, 2123, 3482, 5341, 3381, 3609, 3240, 3305, 3780, 4298, 70, 91, 3503, 3099, 2367, 234, 253, 6, 363, 1769, 760, 6071, 4482, 7003, 5446, 5013, 4773, 2415, 5858, 6553, 5511, 5237, 4407, 3831, 4311, 4731, 6826, 5717, 4639, 6710, 6360, 7144, 7137, 7111, 5807, 6460, 3133, 4041, 6960, 6831, 3922, 5164, 4640, 5709, 3141, 2736, 1263, 794, 1516, 1182, 1229, 2334, 4606, 4362, 3443, 2154, 6716, 3394, 3375, 1706, 1826, 2618, 5725, 3901, 5057, 5983, 5529, 5401, 3684, 5591, 4977, 6750, 4430, 3585, 6474, 6164, 2219, 2662, 2554, 4225, 5325, 2058, 792, 658, 241, 2035, 175, 335, 371, 87, 1447, 1355, 71, 159, 1202, 3378, 2628, 6847, 6496, 5713, 5838, 5336, 5530, 5430, 4593, 3476, 2563, 5012, 2750, 2620, 2833, 3092, 3902, 3353, 3159, 3057, 233, 240, 870, 216, 1629, 5839, 2083, 4085, 2995, 5448, 4031, 7017, 6595, 6405, 6487, 6784, 6269, 6468, 4384, 2966, 4120, 4502, 5168, 4008, 5491, 6250, 6721, 6606, 7096, 5456, 6256, 5504, 3105, 3011, 3562, 5008, 2805, 3426, 4692, 3682, 2752, 4286, 1991, 6689, 6318, 5596, 3222, 4818, 5245, 4626, 6781, 4900, 2216, 672, 386, 654, 2909, 4421, 3571, 3097, 2051, 3266, 1883, 367, 1220, 724, 192, 1185, 1562, 1250, 1213, 4506, 7008, 1451, 4747, 5801, 6767, 6599, 1433, 1427, 3148, 4617, 6511, 4479, 3636, 2740, 1477, 531, 1540, 4329, 3854, 2589, 4885, 4793, 6446, 2591, 1884, 1897, 2257, 2761, 346, 332, 340, 576, 1665, 3516, 6302, 5085, 5603, 3885, 3129, 3067, 2384, 2001, 723, 993, 1360, 1247, 1232, 120, 1616, 2252, 2251, 4622, 4490, 4892, 4764, 6894, 5771, 6734, 3917, 1440, 1277, 20, 447, 6044, 1230, 1244, 625, 1948, 1983, 1005, 1018, 1207, 1070, 1062, 1011, 1469, 524, 887, 931, 670, 2287, 2755, 5884, 7051, 6380, 6584, 5167, 5546, 5041, 6379, 5664, 5363, 6691, 4071, 3504, 3232, 3032, 257, 3125, 3920, 3627, 3523, 3739, 6783, 6358, 6515, 5018, 4492, 6633, 5130, 6012, 7015, 2629, 3691, 3179, 934, 1048, 1192, 2503, 6725, 6324, 6668, 6638, 6889, 5652, 5682, 4801, 6264, 6169, 6216, 5531, 5572, 3078, 1876, 1729, 1761, 1896, 19, 3858, 3224, 3241, 3324, 3369, 3333, 4213, 3768, 4053, 3996, 5744, 3308, 2455, 1684, 1215, 7064, 4628, 4941, 5188, 5787, 3658, 5311, 6148, 4569, 3227]
Best distance: 6863995
